beta=2*[2.1420e-13, 3.2477e-13,  1.3410e-13].*[5.43, 5.44, 68.08]*1e11 %cm/GW

beta=2*[2.1420e-13, 3.2477e-13,  1.3410e-13].*[5.43, 5.44, 68.08] %m/W

n2= [332 , 47 , 361] .* [2.1420e-13, 3.2477e-13,  1.3410e-13] *1550e-9/2/pi *1e4/1e-9 %cm^2/GW

n2= [332 , 47 , 361] .* [2.1420e-13, 3.2477e-13,  1.3410e-13] *1550e-9/2/pi  %m^2/W



% $\beta_{TPA} ~ (\mathrm{cm} / \mathrm{GW})$  & 0.23 & 0.35 & 1.83\\
%$n_2~(10^{-4}\mathrm{cm}^2 / \mathrm{GW})$ &  1.75  &  0.38  &  1.19\\
%$n_2~(\mathrm{m}^2 / \mathrm{W})$ &  1.7543e-17  &  3.7655e-18  &    1.1942e-17\\
%$A_{eff}~(\mu m^2)$ & 0.21 & 0.32 & 0.13\\ 
